y1_1 : 108.0
y1_2 : 1919.9999999999982
y1_3 : 89.0
y2_1 : 417.0000000000001
y2_2 : 1085.9999999999995
y2_3 : 548.0
y2_4 : 63.0
y3_1 : 6.0
y3_2 : 796.0000000000002
y3_3 : 99.0
y4_1 : 266.0
y4_2 : 907.0000000000001
y4_3 : 99.24
y4_4 : 22.293333333333326
y4_5 : 81.46666666666664
y5_1 : 61.0
y5_2 : 477.99999999999994
y5_3 : 48.0
y6_1 : 137.3691275167785
y6_2 : 1400.8995291996393
y6_3 : 86.73134328358208
y6_4 : 0
y7_1 : 464.7750000000001
y7_2 : 4.725
y7_3 : 404.50000000000006
y7_4 : 188.99999999999997
